nCarc <- 5000
alpha <- 1.53575
beta <- 0.289405
m <- 0.00159125
k <- 1.3523e-7
propDiaphragm <- 0.01
#nSwine <- 114395672

nSwine <- 1143
# 4 minutes

#nSwine <- 11439
# 4.8 minutes

# nSwine <- 114395
# 6 minutes

#nSwine <- 1143956
# 16 mins

#nSwine <- 11439567
#1.610482 hours

swine_per_pool <- 100
sim_max <- 1000
p_larvae_in_part <- c(0.01103, 0.05903, 0.16183, 0.11588, 0.13571, 0.51652 )
diaphragm <- 2
shoulder <- 35
belly <- 54
loin <- 144
ham <- 121
other <- 48
