nCarc <- 5000
alpha <- 1.53575
beta <- 0.289405
m <- 5.244308845834319
k <- 0.00044705143472671417
propDiaphragm <- 0.05
nSwine <- 685595
swine_per_pool <- 20
sim_max <- 1000
p_larvae_in_part <- c(0.01344, 0.102788, 0.2776, 0.10103, 0.164062, 0.3410)
diaphragm <- 2
shoulder <- 35
belly <- 54
loin <- 144
ham <- 121
other <- 48
